"Agriculture, forestry, fishing and hunting"
2013 5,127 114 41 194 84 1153 828 248 205 303 1774 182 1 5,127 2013

Mining and oil and gas extraction
2013 2,184 107 1 17 25 417 231 156 255 622 264 57 32 2,184 2013

Manufacturing
2013 36,189 364 128 694 484 14,023 7,869 2,351 985 2,872 6,343 71 5 36,189 2013

Construction
2013 27,432 422 85 595 202 6,227 4,752 2,025 1,311 4,580 7,004 162 67 27,432 2013

Transportation and warehousing
2013 16,878 172 35 356 212 4,364 2,938 1,107 645 2,396 4,553 74 26 16,878 2013

Utilities
2013 4,652 53 25 225 115 1,542 761 402 273 265 971 16 4 4,652 2013

Wholesale trade
2013 11,441 187 16 309 113 2,915 2,727 847 827 1,667 1,800 13 20 11,441 2013

Retail trade
2013 26,853 424 67 626 284 6,915 5,853 1,456 1,219 3,748 6,194 38 29 26,853 2013

"Finance, insurance, real estate and renting and leasing"
2013 3,278 33 5 2 39 335 309 347 98 88 296 337 1 3,278 2013

"Administrative and support, waste management and remediation services"
2013 6,725 43 6 88 65 2,170 1,949 366 159 690 1,164 8 17 6,725 2013

Government services
2013 16,051 496 117 780 242 4,968 584 1,663 899 2,831 3,200 117 154 16,051 2013

Education services
2013 6,648 76 40 7 18 2,450 560 443 300 700 2,051 0 3 6,648 2013

Health care and social assistance
2013 40,814 943 256 1,607 889 12,175 6,731 2,821 2,147 4,331 8,889 13 12 40,814 2013

Accommodation and food services
2013 14,206 242 46 384 182 3,115 3,599 664 486 1,996 3,420 44 28 14,206 2013

Other services (except public administration)
2013 8,636 90 22 175 51 2,721 1,725 325 433 862 2,162 51 19 8,636 2013